Sequence courante : [45, 25, 16, 41, 68, 5, 46, 51, 10, 58, 47, 19, 69, 53, 56, 48, 12, 39, 63, 14, 52, 30, 35, 60, 28, 15, 55, 66, 36, 26, 29, 24, 42, 21, 27, 70, 9, 62, 50, 49, 65, 32, 6, 13, 3, 7, 43, 17, 18, 44, 54, 61, 31, 2, 71, 37, 20, 11, 8, 23, 57, 40, 1, 38, 67, 33, 34, 59, 64, 0, 4, 22]
SCORE : 145640910
nbRollbacks : 13625
nbAttempts : 13697
nbInfeasible : 3875
==================
45 : (0, 0, 419, 406) -sequence 1 -bin 0
25 : (0, 406, 3361, 1213) -sequence 2 -bin 0
16 : (0, 1213, 3495, 1813) -sequence 3 -bin 0
41 : (0, 1813, 746, 2239) -sequence 4 -bin 0
68 : (746, 1813, 1315, 2369) -sequence 5 -bin 0
5 : (1315, 1813, 2170, 1963) -sequence 6 -bin 0
46 : (2170, 1813, 2515, 2145) -sequence 7 -bin 0
51 : (0, 2369, 469, 2825) -sequence 8 -bin 0
10 : (3495, 0, 5484, 1203) -sequence 9 -bin 0
58 : (3495, 1203, 3951, 1672) -sequence 10 -bin 0
47 : (3951, 1203, 4283, 1548) -sequence 11 -bin 0
19 : (4283, 1203, 5856, 2497) -sequence 12 -bin 0
69 : (3495, 2497, 4063, 3052) -sequence 13 -bin 0
53 : (4063, 2497, 4532, 2953) -sequence 14 -bin 0
56 : (4532, 2497, 5166, 2982) -sequence 15 -bin 0
48 : (5166, 2497, 5635, 2953) -sequence 16 -bin 0
12 : (0, 0, 1077, 1989) -sequence 1 -bin 1
39 : (0, 1989, 426, 2735) -sequence 2 -bin 1
63 : (1077, 0, 1546, 456) -sequence 3 -bin 1
14 : (1546, 0, 3690, 750) -sequence 4 -bin 1
52 : (3690, 0, 4159, 456) -sequence 5 -bin 1
30 : (1077, 750, 2137, 1413) -sequence 6 -bin 1
35 : (2137, 750, 3533, 978) -sequence 7 -bin 1
60 : (3533, 750, 4002, 1206) -sequence 8 -bin 1
28 : (1077, 1413, 4373, 2215) -sequence 9 -bin 1
15 : (1077, 2215, 4090, 2706) -sequence 10 -bin 1
55 : (4373, 0, 4842, 456) -sequence 11 -bin 1
66 : (4373, 456, 4796, 1365) -sequence 12 -bin 1
36 : (4373, 1365, 5041, 2033) -sequence 13 -bin 1
26 : (0, 0, 3296, 802) -sequence 1 -bin 2
29 : (0, 802, 1365, 2955) -sequence 2 -bin 2
24 : (0, 0, 3306, 803) -sequence 1 -bin 3
42 : (0, 803, 440, 1231) -sequence 2 -bin 3
21 : (440, 803, 950, 2091) -sequence 3 -bin 3
27 : (0, 0, 3296, 802) -sequence 1 -bin 4
70 : (0, 802, 568, 1357) -sequence 2 -bin 4
9 : (568, 802, 1771, 2791) -sequence 3 -bin 4
62 : (3296, 0, 3765, 456) -sequence 4 -bin 4
50 : (3296, 456, 3765, 912) -sequence 5 -bin 4
49 : (3765, 0, 4234, 456) -sequence 6 -bin 4
65 : (3765, 456, 4234, 912) -sequence 7 -bin 4
32 : (4234, 0, 5915, 1707) -sequence 8 -bin 4
6 : (3296, 1707, 5285, 2784) -sequence 9 -bin 4
13 : (5285, 1707, 5947, 2681) -sequence 10 -bin 4
3 : (3296, 2784, 4340, 2921) -sequence 11 -bin 4
7 : (0, 0, 1076, 1989) -sequence 1 -bin 5
43 : (0, 1989, 440, 2417) -sequence 2 -bin 5
17 : (1076, 0, 2533, 570) -sequence 3 -bin 5
18 : (1076, 570, 2370, 2143) -sequence 4 -bin 5
44 : (1076, 2143, 1495, 2549) -sequence 5 -bin 5
54 : (1495, 2143, 1964, 2599) -sequence 6 -bin 5
61 : (2533, 0, 3002, 456) -sequence 7 -bin 5
31 : (2533, 456, 4285, 2539) -sequence 8 -bin 5
2 : (2533, 2539, 4530, 2677) -sequence 9 -bin 5
71 : (4530, 0, 4999, 456) -sequence 10 -bin 5
37 : (4530, 456, 5860, 2511) -sequence 11 -bin 5
20 : (4530, 2511, 5818, 3021) -sequence 12 -bin 5
11 : (0, 0, 1183, 1989) -sequence 1 -bin 6
8 : (0, 1989, 1989, 3172) -sequence 2 -bin 6
23 : (1989, 0, 5360, 810) -sequence 3 -bin 6
57 : (1989, 810, 2458, 1266) -sequence 4 -bin 6
40 : (2458, 810, 3386, 1557) -sequence 5 -bin 6
1 : (1989, 1557, 4111, 1732) -sequence 6 -bin 6
38 : (1989, 1732, 5322, 2359) -sequence 7 -bin 6
67 : (1989, 2359, 2558, 2915) -sequence 8 -bin 6
33 : (0, 0, 2010, 2236) -sequence 1 -bin 7
34 : (2010, 0, 2656, 1396) -sequence 2 -bin 7
59 : (2656, 0, 3125, 456) -sequence 3 -bin 7
64 : (2656, 456, 3125, 912) -sequence 4 -bin 7
0 : (3125, 0, 3293, 1322) -sequence 5 -bin 7
4 : (0, 2236, 871, 2373) -sequence 6 -bin 7
22 : (0, 2373, 3371, 3183) -sequence 7 -bin 7
==================
Sequence courante : [45, 25, 16, 41, 68, 5, 46, 51, 10, 58, 47, 19, 69, 53, 56, 48, 12, 39, 63, 14, 52, 30, 35, 60, 28, 15, 55, 66, 36, 26, 29, 24, 42, 21, 27, 70, 9, 62, 50, 49, 65, 32, 6, 13, 3, 7, 43, 17, 18, 44, 54, 61, 31, 2, 71, 37, 20, 11, 8, 23, 57, 40, 1, 38, 67, 33, 34, 59, 64, 0, 4, 22]
