>>> INITIALEMENT
marc-antoinea@marcantoinea-K56CB ~/Documents/4-Projets_et_realisations/ROADEF/Code_cpp/src/build/bin $ ./glassTests -p A2 -s 4
Sequence courante : [61, 59, 10, 62, 43, 49, 33, 67, 68, 65, 8, 66, 58, 44, 6, 46, 29, 5, 20, 24, 63, 45, 70, 18, 48, 28, 54, 53, 16, 3, 4, 71, 13, 23, 22, 55, 15, 64, 2, 30, 52, 1, 27, 12, 9, 11, 19, 38, 69, 35, 40, 39, 60, 31, 21, 50, 0, 36, 7, 32, 25, 47, 42, 41, 57, 17, 14, 56, 37, 34, 26, 51]
SCORE : 126140160
nbRollbacks : 519066
nbAttempts : 519138
nbInfeasible : 216913
Sequence courante : [61, 59, 10, 62, 43, 49, 33, 67, 68, 65, 8, 66, 58, 44, 6, 46, 29, 5, 20, 24, 63, 45, 70, 18, 48, 28, 54, 53, 16, 3, 4, 71, 13, 23, 22, 55, 15, 64, 2, 30, 52, 1, 27, 12, 9, 11, 19, 38, 69, 35, 40, 39, 60, 31, 21, 50, 0, 36, 7, 32, 25, 47, 42, 41, 57, 17, 14, 56, 37, 34, 26, 51]

>>> INTERDICTION DES PIÈCES à < 20 des bords
Sequence courante : [61, 59, 10, 62, 43, 49, 33, 67, 68, 65, 8, 66, 58, 44, 6, 46, 29, 5, 20, 24, 63, 45, 70, 18, 48, 28, 54, 53, 16, 3, 4, 71, 13, 23, 22, 55, 15, 64, 2, 30, 52, 1, 27, 12, 9, 11, 19, 38, 69, 35, 40, 39, 60, 31, 21, 50, 0, 36, 7, 32, 25, 47, 42, 41, 57, 17, 14, 56, 37, 34, 26, 51]
SCORE : 126140160
nbRollbacks : 495556
nbAttempts : 495628
nbInfeasible : 193403
Sequence courante : [61, 59, 10, 62, 43, 49, 33, 67, 68, 65, 8, 66, 58, 44, 6, 46, 29, 5, 20, 24, 63, 45, 70, 18, 48, 28, 54, 53, 16, 3, 4, 71, 13, 23, 22, 55, 15, 64, 2, 30, 52, 1, 27, 12, 9, 11, 19, 38, 69, 35, 40, 39, 60, 31, 21, 50, 0, 36, 7, 32, 25, 47, 42, 41, 57, 17, 14, 56, 37, 34, 26, 51]

>>> SUPPRESSION DES EMPLACEMENTS à > 3500 de Xmax
Sequence courante : [61, 59, 10, 62, 43, 49, 33, 67, 68, 65, 8, 66, 58, 44, 6, 46, 29, 5, 20, 24, 63, 45, 70, 18, 48, 28, 54, 53, 16, 3, 4, 71, 13, 23, 22, 55, 15, 64, 2, 30, 52, 1, 27, 12, 9, 11, 19, 38, 69, 35, 40, 39, 60, 31, 21, 50, 0, 36, 7, 32, 25, 47, 42, 41, 57, 17, 14, 56, 37, 34, 26, 51]
SCORE : 126140160
nbRollbacks : 429636
nbAttempts : 429708
nbInfeasible : 127483
Sequence courante : [61, 59, 10, 62, 43, 49, 33, 67, 68, 65, 8, 66, 58, 44, 6, 46, 29, 5, 20, 24, 63, 45, 70, 18, 48, 28, 54, 53, 16, 3, 4, 71, 13, 23, 22, 55, 15, 64, 2, 30, 52, 1, 27, 12, 9, 11, 19, 38, 69, 35, 40, 39, 60, 31, 21, 50, 0, 36, 7, 32, 25, 47, 42, 41, 57, 17, 14, 56, 37, 34, 26, 51]



